Best validation accuracy: 100.0%
════════════════════════════════════════════════════════════
CLEAN TEST SET
════════════════════════════════════════════════════════════
              precision    recall  f1-score   support

           A       1.00      1.00      1.00        37
           B       1.00      1.00      1.00        54
           C       1.00      1.00      1.00        34
           D       1.00      1.00      1.00        40
           E       1.00      1.00      1.00        49
           F       1.00      1.00      1.00        42
           G       1.00      1.00      1.00        45
           H       1.00      1.00      1.00        45
           I       1.00      1.00      1.00        44
           J       1.00      1.00      1.00        39
           K       1.00      1.00      1.00        29
           L       1.00      1.00      1.00        48
           M       1.00      1.00      1.00        55
           N       1.00      1.00      1.00        48
           O       1.00      1.00      1.00        36
           P       1.00      1.00      1.00        50
           Q       1.00      1.00      1.00        36
           R       1.00      1.00      1.00        42
           S       1.00      1.00      1.00        28
           T       1.00      1.00      1.00        48
           U       1.00      1.00      1.00        47
           V       1.00      1.00      1.00        46
           W       1.00      1.00      1.00        64
           X       1.00      1.00      1.00        54
           Y       1.00      1.00      1.00        55
           Z       1.00      1.00      1.00        48
           0       1.00      1.00      1.00        53
           1       1.00      1.00      1.00        44
           2       1.00      1.00      1.00        47
           3       1.00      1.00      1.00        53
           4       1.00      1.00      1.00        41
           5       1.00      1.00      1.00        46
           6       1.00      1.00      1.00        37
           7       1.00      1.00      1.00        44
           8       1.00      1.00      1.00        58
           9       1.00      1.00      1.00        48

    accuracy                           1.00      1634
   macro avg       1.00      1.00      1.00      1634
weighted avg       1.00      1.00      1.00      1634

════════════════════════════════════════════════════════════
    occlusion)
   ═══════
               precision    recall  f1-score   support
   
            A       0.56      0.73      0.64        37
            B       0.71      0.54      0.61        54
            C       0.49      0.68      0.57        34
            D       0.69      0.68      0.68        40
            E       0.74      0.47      0.57        49
            F       0.63      0.45      0.53        42
            G       0.82      0.60      0.69        45
            H       0.45      0.38      0.41        45
            I       0.63      0.55      0.59        44
            J       0.79      0.49      0.60        39
            K       0.57      0.59      0.58        29
            L       0.79      0.54      0.64        48
            M       0.91      0.55      0.68        55
            N       0.62      0.60      0.61        48
            O       0.61      0.61      0.61        36
            P       0.56      0.70      0.62        50
            Q       0.49      0.53      0.51        36
            R       0.48      0.50      0.49        42
            S       0.50      0.54      0.52        28
            T       0.51      0.56      0.53        48
            U       0.77      0.49      0.60        47
            V       0.52      0.54      0.53        46
            W       0.77      0.56      0.65        64
            X       0.86      0.59      0.70        54
            Y       0.64      0.64      0.64        55
            Z       0.74      0.58      0.65        48
            0       0.53      0.64      0.58        53
            1       0.39      0.75      0.52        44
            2       0.55      0.68      0.61        47
            3       0.44      0.68      0.53        53
            4       0.75      0.59      0.66        41
            5       0.68      0.74      0.71        46
            6       0.56      0.68      0.61        37
            7       0.47      0.73      0.57        44
            8       0.46      0.57      0.51        58
            9       0.69      0.69      0.69        48

    accuracy                           0.59      1634
   macro avg       0.62      0.59      0.60      1634
weighted avg       0.63      0.59      0.60      1634

